a=1.400000
d=2.900000
b=6.200000
c=0.500000
